./t
nsym = 1000
nvertex = 100
maxsucc = 4
nactive = 10
generating CFG...
generating usedefs...
computing liveness...
Thread 0 processed 255 vertices
T = 0.003575382 s
use[0] = { 134 258 313 389 466 508 824 }
def[0] = { 227 251 541 }

in[0] = { 31 52 96 99 108 130 134 178 186 199 216 219 237 258 278 287 313 316 318 336 389 444 466 473 508 509 510 514 533 551 571 572 603 613 624 651 679 680 687 706 732 736 739 744 781 794 816 824 827 859 864 866 907 910 926 948 965 981 999 }
out[0] = { 31 52 96 99 108 130 134 178 186 199 216 219 237 278 287 316 318 336 444 473 509 510 514 533 551 571 572 603 613 624 651 679 680 687 706 732 736 739 744 781 794 816 827 859 864 866 907 910 926 948 965 981 999 }

use[1] = { 130 287 509 510 533 679 827 }
def[1] = { 42 795 876 }

in[1] = { 130 287 509 510 533 679 827 }
out[1] = { }

use[2] = { 52 216 316 651 706 794 859 }
def[2] = { 36 300 870 }

in[2] = { 31 52 96 99 108 134 178 186 199 216 219 237 278 316 318 336 444 473 514 551 571 572 603 613 624 651 680 687 706 732 736 739 744 781 794 816 827 859 864 866 907 910 926 948 965 981 999 }
out[2] = { 31 96 99 108 134 178 186 199 219 237 278 300 318 336 444 473 514 551 571 572 603 613 624 680 687 732 736 739 744 781 816 827 864 866 907 910 926 948 965 981 999 }

use[3] = { 34 80 130 306 604 684 848 }
def[3] = { 305 751 936 }

in[3] = { 34 80 130 306 604 684 848 }
out[3] = { }

use[4] = { 36 145 247 374 488 759 778 }
def[4] = { 168 429 458 }

in[4] = { 36 145 247 374 488 759 778 }
out[4] = { }

use[5] = { 203 481 503 542 677 700 942 }
def[5] = { 690 926 934 }

in[5] = { 203 481 503 542 677 700 942 }
out[5] = { }

use[6] = { 209 502 712 797 806 961 969 }
def[6] = { 433 677 768 }

in[6] = { 209 502 712 797 806 961 969 }
out[6] = { }

use[7] = { 134 300 444 571 624 732 999 }
def[7] = { 502 760 800 }

in[7] = { 134 300 444 571 624 732 999 }
out[7] = { }

use[8] = { 218 361 391 551 760 939 999 }
def[8] = { 250 359 382 }

in[8] = { 24 119 218 361 387 391 423 551 760 791 890 939 997 999 }
out[8] = { 24 119 387 423 791 890 997 }

use[9] = { 246 400 483 582 664 672 949 }
def[9] = { 70 851 989 }

in[9] = { 246 400 483 582 664 672 949 }
out[9] = { }

use[10] = { 62 261 402 565 602 744 787 }
def[10] = { 341 756 833 }

in[10] = { 62 261 402 565 602 744 787 }
out[10] = { }

use[11] = { 54 70 197 371 502 914 996 }
def[11] = { 354 838 855 }

in[11] = { 54 70 197 371 502 914 996 }
out[11] = { }

use[12] = { 462 557 592 719 755 771 }
def[12] = { 439 665 740 }

in[12] = { 2 3 4 11 12 19 24 31 35 36 39 44 46 49 54 64 65 66 70 88 89 90 96 99 108 110 119 122 129 132 133 134 145 157 162 164 165 166 169 171 173 178 185 186 187 197 198 202 205 207 218 219 222 225 226 227 229 240 247 251 252 255 265 266 268 274 278 282 300 304 305 308 311 313 336 340 341 346 349 356 363 370 371 374 379 385 387 389 402 410 415 418 423 430 433 437 444 457 462 466 471 473 474 478 486 488 497 500 502 503 505 514 517 520 527 530 532 549 551 557 563 565 571 572 578 584 588 592 600 603 613 624 636 645 650 652 656 657 671 672 676 679 680 687 698 701 703 719 722 723 728 732 736 739 748 753 755 759 760 765 767 771 778 781 782 786 791 799 802 807 811 815 818 827 828 832 838 843 845 853 855 857 860 864 871 875 889 890 897 908 910 914 917 926 936 937 948 953 965 966 979 981 984 988 992 993 994 996 997 999 }
out[12] = { 2 3 4 11 12 19 24 31 35 36 39 44 46 49 54 64 65 66 70 88 89 90 96 99 108 110 119 122 129 132 133 134 145 157 162 164 165 166 169 171 173 178 185 186 187 197 198 202 205 207 218 219 222 225 226 227 229 240 247 251 252 255 265 266 268 274 278 282 300 304 305 308 311 313 336 340 341 346 349 356 363 370 371 374 379 385 387 389 402 410 415 418 423 430 433 437 444 457 462 466 471 473 474 478 486 488 497 500 502 503 505 514 517 520 527 530 532 549 551 557 563 565 571 572 578 584 588 600 603 613 624 636 645 650 652 656 657 671 672 676 679 680 687 698 701 703 722 723 728 732 736 739 740 748 753 759 760 765 767 771 778 781 782 786 791 799 802 807 811 815 818 827 828 832 838 843 845 853 855 857 860 864 871 875 889 890 897 908 910 914 917 926 936 937 948 953 965 966 979 981 984 988 992 993 994 996 997 999 }

use[13] = { 35 64 90 227 732 807 897 }
def[13] = { 127 655 700 }

in[13] = { 4 11 35 64 90 129 162 218 227 265 356 517 549 584 722 732 807 871 897 937 }
out[13] = { 4 11 129 162 218 265 356 517 549 584 722 871 937 }

use[14] = { 64 94 149 523 611 720 798 }
def[14] = { 129 391 903 }

in[14] = { 4 11 19 24 35 39 44 54 62 64 66 70 88 89 90 94 96 100 108 119 122 149 157 162 164 166 173 177 178 193 197 202 218 219 222 225 226 227 251 255 261 265 266 280 297 304 308 340 349 356 371 379 382 387 389 402 418 423 425 433 436 457 482 500 502 503 505 517 523 549 565 573 577 584 589 602 611 639 656 664 672 679 701 703 720 722 723 732 741 743 744 753 760 764 771 787 791 798 807 836 853 871 890 897 914 937 963 975 979 993 994 996 997 }
out[14] = { 4 11 19 24 35 39 44 54 62 64 66 70 88 89 90 96 100 108 119 122 129 157 162 164 166 173 177 178 193 197 202 218 219 222 225 226 227 251 255 261 265 266 280 297 304 308 340 349 356 371 379 382 387 389 402 418 423 425 433 436 457 482 500 502 503 505 517 549 565 573 577 584 589 602 639 656 664 672 679 701 703 722 723 732 741 743 744 753 760 764 771 787 791 807 836 853 871 890 897 914 937 963 975 979 993 994 996 997 }

use[15] = { 11 162 265 517 549 584 871 }
def[15] = { 342 508 993 }

in[15] = { 11 162 265 517 549 584 871 }
out[15] = { }

use[16] = { 4 129 218 356 584 722 937 }
def[16] = { 292 558 729 }

in[16] = { 4 11 129 162 218 265 356 517 549 584 722 871 937 }
out[16] = { 11 162 265 517 549 584 871 }

use[17] = { 130 144 216 296 317 960 998 }
def[17] = { 408 514 795 }

in[17] = { 11 130 144 162 209 216 246 265 296 317 400 483 502 517 549 582 584 664 672 712 797 806 871 949 960 961 969 998 }
out[17] = { 11 162 209 246 265 400 483 502 517 549 582 584 664 672 712 797 806 871 949 961 969 }

use[18] = { 166 229 370 486 578 645 832 }
def[18] = { 235 334 937 }

in[18] = { 166 229 370 486 578 645 832 }
out[18] = { }

use[19] = { 70 438 576 643 647 881 975 }
def[19] = { 377 391 716 }

in[19] = { 2 4 11 19 23 24 32 35 39 44 45 54 62 63 64 66 70 88 89 90 94 96 99 100 108 115 119 122 133 136 149 151 157 162 164 166 173 177 178 191 193 197 198 201 202 218 219 222 225 226 227 240 251 255 261 265 266 280 297 299 304 308 311 313 317 325 340 349 356 371 378 379 382 387 389 402 418 423 425 427 433 436 438 443 457 462 482 500 502 503 505 506 517 523 532 549 565 573 576 577 584 589 602 606 611 622 625 639 643 647 654 656 664 672 673 679 701 703 720 722 723 724 732 741 743 744 753 756 760 764 771 777 787 791 798 807 815 836 853 865 871 881 890 891 897 903 914 937 942 953 959 963 965 973 975 979 993 994 996 997 }
out[19] = { 2 4 11 19 23 24 32 35 39 44 45 54 62 63 64 66 70 88 89 90 94 96 99 100 108 115 119 122 133 136 149 151 157 162 164 166 173 177 178 191 193 197 198 201 202 218 219 222 225 226 227 240 251 255 261 265 266 280 297 299 304 308 311 313 317 325 340 349 356 371 378 379 382 387 389 402 418 423 425 427 433 436 443 457 462 482 500 502 503 505 506 517 523 532 549 565 573 577 584 589 602 606 611 622 625 639 654 656 664 672 673 679 701 703 720 722 723 724 732 741 743 744 753 756 760 764 771 777 787 791 798 807 815 836 853 865 871 890 891 897 903 914 937 942 953 959 963 965 973 975 979 993 994 996 997 }

use[20] = { 186 278 613 687 736 910 926 }
def[20] = { 272 829 898 }

in[20] = { 134 186 278 300 444 571 613 624 687 732 736 910 926 999 }
out[20] = { 134 300 444 571 624 732 999 }

use[21] = { 44 122 251 389 457 753 993 }
def[21] = { 415 762 }

in[21] = { 39 44 54 66 70 88 122 157 197 251 308 371 379 389 418 433 457 500 502 505 656 672 703 753 914 979 993 996 }
out[21] = { 39 54 66 70 88 157 197 308 371 379 418 433 500 502 505 656 672 703 914 979 996 }

use[22] = { 96 108 514 551 965 981 }
def[22] = { 278 316 756 }

in[22] = { 96 108 514 551 965 981 }
out[22] = { }

use[23] = { 167 169 211 510 573 796 900 }
def[23] = { 119 663 963 }

in[23] = { 167 169 211 510 573 796 900 }
out[23] = { }

use[24] = { 199 237 318 744 816 866 907 }
def[24] = { 337 494 646 }

in[24] = { 31 96 99 108 134 178 186 199 219 237 278 300 318 336 444 473 514 551 571 572 603 613 624 680 687 732 736 739 744 781 816 827 864 866 907 910 926 948 965 981 999 }
out[24] = { 31 96 99 108 134 178 186 199 219 237 278 300 318 336 444 473 514 551 571 572 603 613 624 680 687 732 736 739 744 781 816 827 864 866 907 910 926 948 965 981 999 }

use[25] = { 99 178 336 473 680 781 948 }
def[25] = { 557 752 792 }

in[25] = { 99 178 336 473 680 781 948 }
out[25] = { }

use[26] = { 34 58 69 393 563 798 822 }
def[26] = { 468 572 707 }

in[26] = { 2 3 4 11 19 24 34 35 58 64 65 69 90 96 108 119 129 132 133 134 145 151 162 169 171 186 187 218 225 227 240 252 265 268 282 305 311 313 340 356 363 387 393 423 437 457 462 466 474 480 503 514 517 549 551 563 565 584 588 600 636 648 650 652 676 679 701 720 722 732 760 786 791 798 807 811 818 822 860 871 875 890 897 917 937 953 965 966 972 981 992 997 }
out[26] = { 2 3 4 11 19 24 35 64 65 90 96 108 119 129 132 133 134 145 151 162 169 171 186 187 218 225 227 240 252 265 268 282 305 311 313 340 356 363 387 423 437 457 462 466 474 480 503 514 517 549 551 563 565 584 588 600 636 648 650 652 676 679 701 720 722 732 760 786 791 807 811 818 860 871 875 890 897 917 937 953 965 966 972 981 992 997 }

use[27] = { 184 285 295 608 613 810 835 }
def[27] = { 201 218 537 }

in[27] = { 2 3 4 11 19 24 31 35 46 49 52 64 65 76 90 95 96 99 108 110 119 129 130 132 133 134 162 164 169 171 178 184 186 187 191 196 199 205 207 216 219 225 227 237 240 252 258 268 278 282 285 287 295 300 305 311 313 316 318 336 340 341 345 356 363 367 385 387 389 391 402 415 423 430 432 437 444 457 462 466 471 473 474 503 508 509 510 514 517 532 533 546 549 551 563 565 571 572 584 588 599 600 603 608 613 624 636 650 651 652 676 679 680 687 701 706 722 732 736 739 744 748 753 760 765 781 786 791 794 799 807 810 811 816 818 824 827 835 838 857 859 860 864 866 871 875 890 897 907 908 910 917 926 937 948 953 965 966 981 988 992 993 997 999 }
out[27] = { 2 3 4 11 19 24 31 35 46 49 52 64 65 76 90 95 96 99 108 110 119 129 130 132 133 134 162 164 169 171 178 186 187 191 196 199 205 207 216 218 219 225 227 237 240 252 258 268 278 282 287 300 305 311 313 316 318 336 340 341 345 356 363 367 385 387 389 391 402 415 423 430 432 437 444 457 462 466 471 473 474 503 508 509 510 514 517 532 533 546 549 551 563 565 571 572 584 588 599 600 603 613 624 636 650 651 652 676 679 680 687 701 706 722 732 736 739 744 748 753 760 765 781 786 791 794 799 807 811 816 818 824 827 838 857 859 860 864 866 871 875 890 897 907 908 910 917 926 937 948 953 965 966 981 988 992 993 997 999 }

use[28] = { 209 493 524 542 766 823 987 }
def[28] = { 157 541 581 }

in[28] = { 209 493 524 542 766 823 987 }
out[28] = { }

use[29] = { 228 292 331 424 477 952 961 }
def[29] = { 335 493 505 }

in[29] = { 228 292 331 424 477 952 961 }
out[29] = { }

use[30] = { 38 57 220 393 584 718 773 }
def[30] = { 726 757 903 }

in[30] = { 38 57 220 393 584 718 773 }
out[30] = { }

use[31] = { 108 177 280 387 639 743 836 }
def[31] = { 360 525 599 }

in[31] = { 62 108 177 261 280 387 402 565 602 639 743 744 787 836 }
out[31] = { 62 261 402 565 602 744 787 }

use[32] = { 31 219 572 603 739 827 864 }
def[32] = { 4 234 669 }

in[32] = { 31 99 134 178 186 219 278 300 336 444 473 571 572 603 613 624 680 687 732 736 739 781 827 864 910 926 948 999 }
out[32] = { 99 134 178 186 278 300 336 444 473 571 613 624 680 687 732 736 781 910 926 948 999 }

use[33] = { 72 270 666 791 897 961 963 }
def[33] = { 47 104 799 }

in[33] = { 72 270 666 791 897 961 963 }
out[33] = { }

use[34] = { 71 121 166 423 536 772 955 }
def[34] = { 2 664 859 }

in[34] = { 71 121 166 423 536 772 955 }
out[34] = { }

use[35] = { 57 192 307 413 444 455 729 }
def[35] = { 257 610 922 }

in[35] = { 2 3 4 11 19 24 31 35 39 44 46 47 49 54 57 64 65 66 70 88 89 90 96 99 108 110 112 118 119 122 129 132 133 134 157 162 164 169 171 173 178 185 186 187 192 196 197 202 205 209 218 219 222 225 226 227 238 251 252 253 255 265 266 268 274 278 282 285 297 300 302 304 305 307 308 311 313 336 340 341 349 356 363 366 371 373 379 382 387 389 402 413 415 418 423 427 428 430 433 435 437 444 455 457 462 464 466 471 473 474 482 492 493 500 502 503 505 514 517 524 526 531 532 542 548 549 551 563 565 571 572 577 584 588 589 600 603 613 624 636 637 650 652 656 659 664 672 676 679 680 687 701 703 715 722 723 726 729 732 736 739 753 760 765 766 771 781 786 791 795 807 811 818 821 823 827 839 853 857 860 864 871 875 880 890 897 908 910 914 917 926 937 944 945 948 952 953 965 966 975 979 981 982 987 988 992 993 994 996 997 999 }
out[35] = { 2 3 4 11 19 24 31 35 39 44 46 47 49 54 64 65 66 70 88 89 90 96 99 108 110 112 118 119 122 129 132 133 134 157 162 164 169 171 173 178 185 186 187 196 197 202 205 209 218 219 222 225 226 227 238 251 252 253 255 265 266 268 274 278 282 285 297 300 302 304 305 308 311 313 336 340 341 349 356 363 366 371 373 379 382 387 389 402 415 418 423 427 428 430 433 435 437 444 457 462 464 466 471 473 474 482 492 493 500 502 503 505 514 517 524 526 531 532 542 548 549 551 563 565 571 572 577 584 588 589 600 603 613 624 636 637 650 652 656 659 664 672 676 679 680 687 701 703 715 722 723 726 732 736 739 753 760 765 766 771 781 786 791 795 807 811 818 821 823 827 839 853 857 860 864 871 875 880 890 897 908 910 914 917 926 937 944 945 948 952 953 965 966 975 979 981 982 987 988 992 993 994 996 997 999 }

use[36] = { 190 264 357 607 637 911 912 }
def[36] = { 527 792 857 }

in[36] = { 190 264 357 607 637 911 912 }
out[36] = { }

use[37] = { 4 402 659 781 914 982 997 }
def[37] = { 155 215 724 }

in[37] = { 2 3 4 11 19 24 35 46 49 64 65 90 96 108 110 119 129 132 133 134 162 169 171 187 205 209 218 225 227 240 252 268 282 305 311 313 340 341 356 363 387 402 423 430 437 457 462 466 471 474 493 503 514 517 524 532 542 549 551 563 565 584 588 600 636 650 652 659 676 679 701 722 732 760 765 766 781 786 791 807 811 818 823 857 860 871 875 890 897 908 914 917 937 953 965 966 981 982 987 988 992 997 999 }
out[37] = { 2 3 4 11 19 24 35 46 49 64 65 90 96 108 110 119 129 132 133 134 162 169 171 187 205 209 218 225 227 240 252 268 282 305 311 313 340 341 356 363 387 402 423 430 437 457 462 466 471 474 493 503 514 517 524 532 542 549 551 563 565 584 588 600 636 650 652 676 679 701 722 732 760 765 766 786 791 807 811 818 823 857 860 871 875 890 897 908 917 937 953 965 966 981 987 988 992 997 999 }

use[38] = { 41 81 183 442 554 578 918 }
def[38] = { 24 609 803 }

in[38] = { 41 81 183 442 554 578 918 }
out[38] = { }

use[39] = { 185 265 492 880 944 948 952 }
def[39] = { 95 240 286 }

in[39] = { 2 3 4 11 19 24 35 39 44 46 49 54 64 65 66 70 88 89 90 96 108 110 119 122 129 132 133 134 157 162 164 169 171 173 178 185 187 197 202 205 209 218 222 225 226 227 251 252 255 265 266 268 274 282 285 302 304 305 308 311 313 340 341 349 356 363 371 379 382 387 389 402 418 423 430 433 437 457 462 464 466 471 474 492 493 500 502 503 505 514 517 524 526 532 542 548 549 551 563 565 577 584 588 589 600 636 637 650 652 656 659 664 672 676 679 701 703 722 723 732 753 760 765 766 771 781 786 791 807 811 818 823 853 857 860 871 875 880 890 897 908 914 917 937 944 948 952 953 965 966 975 979 981 982 987 988 992 993 994 996 997 999 }
out[39] = { 2 3 4 11 19 24 35 39 44 46 49 54 64 65 66 70 88 89 90 96 108 110 119 122 129 132 133 134 157 162 164 169 171 173 178 187 197 202 205 209 218 222 225 226 227 240 251 252 255 265 266 268 274 282 285 302 304 305 308 311 313 340 341 349 356 363 371 379 382 387 389 402 418 423 430 433 437 457 462 464 466 471 474 493 500 502 503 505 514 517 524 526 532 542 548 549 551 563 565 577 584 588 589 600 636 637 650 652 656 659 664 672 676 679 701 703 722 723 732 753 760 765 766 771 781 786 791 807 811 818 823 853 857 860 871 875 890 897 908 914 917 937 953 965 966 975 979 981 982 987 988 992 993 994 996 997 999 }

use[40] = { 53 357 432 573 640 831 862 }
def[40] = { 1 419 534 }

in[40] = { 53 357 432 573 640 831 862 }
out[40] = { }

use[41] = { 119 299 506 532 606 654 777 }
def[41] = { 345 365 787 }

in[41] = { 45 119 299 317 378 443 506 532 606 654 724 777 942 959 }
out[41] = { 45 317 378 443 724 942 959 }

use[42] = { 164 196 311 345 391 432 993 }
def[42] = { 310 492 947 }

in[42] = { 2 3 4 11 19 24 31 35 46 49 52 64 65 76 90 95 96 99 108 110 119 129 130 132 133 134 162 164 169 171 178 186 187 191 196 199 205 207 216 218 219 225 227 237 240 252 258 268 278 282 287 300 305 311 313 316 318 336 340 341 345 356 363 367 385 387 389 391 402 415 423 430 432 437 444 457 462 466 471 473 474 503 508 509 510 514 517 532 533 546 549 551 563 565 571 572 584 588 599 600 603 613 624 636 650 651 652 676 679 680 687 701 706 722 732 736 739 744 748 753 760 765 781 786 791 794 799 807 811 816 818 824 827 838 857 859 860 864 866 871 875 890 897 907 908 910 917 926 937 948 953 965 966 981 988 992 993 997 999 }
out[42] = { 2 3 4 11 19 24 31 35 46 49 52 64 65 76 90 95 96 99 108 110 119 129 130 132 133 134 162 169 171 178 186 187 191 199 205 207 216 218 219 225 227 237 240 252 258 268 278 282 287 300 305 311 313 316 318 336 340 341 356 363 367 385 387 389 402 415 423 430 437 444 457 462 466 471 473 474 503 508 509 510 514 517 532 533 546 549 551 563 565 571 572 584 588 599 600 603 613 624 636 650 651 652 676 679 680 687 701 706 722 732 736 739 744 748 753 760 765 781 786 791 794 799 807 811 816 818 824 827 838 857 859 860 864 866 871 875 890 897 907 908 910 917 926 937 948 953 965 966 981 988 992 997 999 }

use[43] = { 49 110 341 430 765 908 999 }
def[43] = { 188 369 395 }

in[43] = { 2 3 4 11 19 24 35 49 64 65 90 96 108 110 119 129 132 133 134 162 169 171 187 218 225 227 240 252 265 268 282 305 311 313 340 341 356 363 387 423 430 437 457 462 466 474 503 514 517 549 551 563 565 584 588 600 636 650 652 676 679 701 722 732 760 765 786 791 807 811 818 860 871 875 890 897 908 917 937 953 965 966 981 992 997 999 }
out[43] = { 2 3 4 11 19 24 35 64 65 90 96 108 119 129 132 133 134 162 169 171 187 218 225 227 240 252 265 268 282 305 311 313 340 356 363 387 423 437 457 462 466 474 503 514 517 549 551 563 565 584 588 600 636 650 652 676 679 701 722 732 760 786 791 807 811 818 860 871 875 890 897 917 937 953 965 966 981 992 997 }

use[44] = { 224 296 462 569 616 691 850 }
def[44] = { 340 346 362 }

in[44] = { 24 63 99 119 218 224 296 311 361 387 391 423 462 551 569 616 673 691 760 791 815 850 890 939 965 973 997 999 }
out[44] = { 24 63 99 119 218 311 361 387 391 423 551 673 760 791 815 890 939 965 973 997 999 }

use[45] = { 392 480 546 576 752 787 988 }
def[45] = { 5 145 372 }

in[45] = { 392 480 546 576 752 787 988 }
out[45] = { }

use[46] = { 16 114 257 273 810 880 896 }
def[46] = { 390 668 702 }

in[46] = { 16 114 257 273 810 880 896 }
out[46] = { }

use[47] = { 54 89 201 265 325 622 891 }
def[47] = { 243 518 650 }

in[47] = { 45 54 89 119 201 265 299 317 325 378 443 506 532 606 622 654 724 777 891 942 959 }
out[47] = { 45 119 299 317 378 443 506 532 606 654 724 777 942 959 }

use[48] = { 138 194 230 247 483 694 976 }
def[48] = { 79 432 530 }

in[48] = { 138 194 230 247 483 694 976 }
out[48] = { }

use[49] = { 47 112 373 427 435 613 945 }
def[49] = { 72 798 846 }

in[49] = { 47 112 209 373 427 435 493 524 542 613 766 823 945 987 }
out[49] = { 209 493 524 542 766 823 987 }

use[50] = { 173 222 266 304 723 771 853 }
def[50] = { 528 581 697 }

in[50] = { 4 11 39 44 54 66 70 88 89 122 129 157 162 164 173 197 202 218 222 226 251 255 265 266 304 308 349 356 371 379 389 418 433 457 500 502 505 517 549 584 656 672 703 722 723 753 771 853 871 914 937 979 993 994 996 }
out[50] = { 4 11 39 44 54 66 70 88 89 122 129 157 162 164 197 202 218 226 251 255 265 308 349 356 371 379 389 418 433 457 500 502 505 517 549 584 656 672 703 722 753 871 914 937 979 993 994 996 }

use[51] = { 63 99 311 673 815 965 973 }
def[51] = { 147 534 791 }

in[51] = { 63 99 311 673 815 965 973 }
out[51] = { }

use[52] = { 87 229 498 633 656 901 911 }
def[52] = { 68 212 333 }

in[52] = { 31 54 70 87 96 99 108 110 118 127 130 134 178 186 196 197 199 219 229 237 238 240 253 278 287 300 304 318 336 337 371 389 415 428 444 473 498 502 509 510 514 528 531 533 551 571 572 603 613 624 633 652 656 679 680 687 715 732 736 739 744 771 781 816 821 827 864 866 901 907 910 911 914 926 948 965 981 993 996 999 }
out[52] = { 31 54 70 96 99 108 110 118 127 130 134 178 186 196 197 199 219 237 238 240 253 278 287 300 304 318 336 337 371 389 415 428 444 473 502 509 510 514 528 531 533 551 571 572 603 613 624 652 679 680 687 715 732 736 739 744 771 781 816 821 827 864 866 907 910 914 926 948 965 981 993 996 999 }

use[53] = { 145 151 186 480 648 720 972 }
def[53] = { 161 198 969 }

in[53] = { 2 3 4 11 19 24 35 64 65 90 96 108 119 129 132 133 134 145 151 162 169 171 186 187 218 225 227 240 252 265 268 282 305 311 313 340 356 363 387 423 437 457 462 466 474 480 503 514 517 549 551 563 565 584 588 600 636 648 650 652 676 679 701 720 722 732 760 786 791 807 811 818 860 871 875 890 897 917 937 953 965 966 972 981 992 997 }
out[53] = { 2 3 4 11 19 24 35 64 65 90 96 108 119 129 132 133 134 162 169 171 187 218 225 227 240 252 265 268 282 305 311 313 340 356 363 387 423 437 457 462 466 474 503 514 517 549 551 563 565 584 588 600 636 650 652 676 679 701 722 732 760 786 791 807 811 818 860 871 875 890 897 917 937 953 965 966 981 992 997 }

use[54] = { 165 497 767 802 845 855 889 }
def[54] = { 388 770 976 }

in[54] = { 165 166 229 370 486 497 578 645 767 802 832 845 855 889 }
out[54] = { 166 229 370 486 578 645 832 }

use[55] = { 3 12 145 187 308 527 984 }
def[55] = { 69 516 539 }

in[55] = { 2 3 4 11 12 19 24 31 35 39 44 46 49 54 64 65 66 70 88 89 90 96 99 108 110 119 122 129 132 133 134 145 157 162 164 165 166 169 171 173 178 186 187 197 198 202 205 207 218 219 222 225 226 227 229 240 251 252 255 265 266 268 274 278 282 300 304 305 308 311 313 336 340 341 349 356 363 370 371 379 385 387 389 402 410 415 418 423 430 433 437 444 457 462 466 471 473 474 478 486 497 500 502 503 505 514 517 527 530 532 549 551 563 565 571 572 578 584 588 600 603 613 624 636 645 650 652 656 672 676 679 680 687 698 701 703 722 723 728 732 736 739 740 748 753 760 765 767 771 781 786 791 799 802 807 811 815 818 827 828 832 838 843 845 853 855 857 860 864 871 875 889 890 897 908 910 914 917 926 936 937 948 953 965 966 979 981 984 988 992 993 994 996 997 999 }
out[55] = { 2 3 4 11 19 24 31 35 39 44 46 49 54 64 65 66 70 88 89 90 96 99 108 110 119 122 129 132 133 134 157 162 164 165 166 169 171 173 178 186 187 197 198 202 205 207 218 219 222 225 226 227 229 240 251 252 255 265 266 268 274 278 282 300 304 305 308 311 313 336 340 341 349 356 363 370 371 379 385 387 389 402 410 415 418 423 430 433 437 444 457 462 466 471 473 474 478 486 497 500 502 503 505 514 517 527 530 532 549 551 563 565 571 572 578 584 588 600 603 613 624 636 645 650 652 656 672 676 679 680 687 698 701 703 722 723 728 732 736 739 740 748 753 760 765 767 771 781 786 791 799 802 807 811 815 818 827 828 832 838 843 845 853 855 857 860 864 871 875 889 890 897 908 910 914 917 926 936 937 948 953 965 966 979 981 988 992 993 994 996 997 999 }

use[56] = { 45 317 378 443 724 942 959 }
def[56] = { 165 584 687 }

in[56] = { 45 317 378 443 724 942 959 }
out[56] = { }

use[57] = { 39 66 88 418 433 505 656 }
def[57] = { 247 553 616 }

in[57] = { 39 54 66 70 88 197 371 418 433 502 505 656 914 996 }
out[57] = { 54 70 197 371 502 914 996 }

use[58] = { 2 133 240 313 462 722 953 }
def[58] = { 302 320 841 }

in[58] = { 2 133 240 313 462 722 953 }
out[58] = { }

use[59] = { 297 366 482 542 726 795 839 }
def[59] = { 143 146 235 }

in[59] = { 2 3 4 11 19 24 31 35 39 44 46 47 49 54 64 65 66 70 88 89 90 96 99 108 110 112 118 119 122 129 132 133 134 157 162 164 169 171 173 178 185 186 187 196 197 202 205 209 218 219 222 225 226 227 238 251 252 253 255 265 266 268 274 278 282 285 297 300 302 304 305 308 311 313 336 340 341 349 356 363 366 371 373 379 382 387 389 402 415 418 423 427 428 430 433 435 437 444 457 462 464 466 471 473 474 482 492 493 500 502 503 505 514 517 524 526 531 532 542 548 549 551 563 565 571 572 577 584 588 589 600 603 613 624 636 637 650 652 656 659 664 672 676 679 680 687 701 703 715 722 723 726 732 736 739 753 760 765 766 771 781 786 791 795 807 811 818 821 823 827 839 853 857 860 864 871 875 880 890 897 908 910 914 917 926 937 944 945 948 952 953 965 966 975 979 981 982 987 988 992 993 994 996 997 999 }
out[59] = { 2 3 4 11 19 24 31 35 39 44 46 47 49 54 64 65 66 70 88 89 90 96 99 108 110 112 118 119 122 129 132 133 134 157 162 164 169 171 173 178 185 186 187 196 197 202 205 209 218 219 222 225 226 227 238 251 252 253 255 265 266 268 274 278 282 285 300 302 304 305 308 311 313 336 340 341 349 356 363 371 373 379 382 387 389 402 415 418 423 427 428 430 433 435 437 444 457 462 464 466 471 473 474 492 493 500 502 503 505 514 517 524 526 531 532 542 548 549 551 563 565 571 572 577 584 588 589 600 603 613 624 636 637 650 652 656 659 664 672 676 679 680 687 701 703 715 722 723 732 736 739 753 760 765 766 771 781 786 791 807 811 818 821 823 827 853 857 860 864 871 875 880 890 897 908 910 914 917 926 937 944 945 948 952 953 965 966 975 979 981 982 987 988 992 993 994 996 997 999 }

use[60] = { 240 325 349 418 546 646 920 }
def[60] = { 562 588 853 }

in[60] = { 240 325 349 418 546 646 920 }
out[60] = { }

use[61] = { 147 319 341 345 492 610 906 }
def[61] = { 161 485 858 }

in[61] = { 2 3 4 11 19 24 31 35 39 44 45 46 47 49 54 57 64 65 66 70 88 89 90 96 99 108 110 112 118 119 122 129 132 133 134 147 157 162 164 169 171 173 178 185 186 187 192 196 197 201 202 205 209 218 219 222 225 226 227 238 251 252 253 255 265 266 268 274 278 282 285 297 299 300 302 304 305 307 308 311 313 317 319 325 336 340 341 345 349 356 363 366 371 373 378 379 382 387 389 402 413 415 418 423 427 428 430 433 435 437 443 444 455 457 462 464 466 471 473 474 482 492 493 500 502 503 505 506 514 517 524 526 531 532 542 548 549 551 563 565 571 572 577 584 588 589 600 603 606 610 613 622 624 636 637 650 652 654 656 659 664 672 676 679 680 687 701 703 715 722 723 724 726 729 732 736 739 753 760 765 766 771 777 781 786 791 795 807 811 818 821 823 827 839 853 857 860 864 871 875 880 890 891 897 906 908 910 914 917 926 937 942 944 945 948 952 953 959 965 966 975 979 981 982 987 988 992 993 994 996 997 999 }
out[61] = { 2 3 4 11 19 24 31 35 39 44 45 46 47 49 54 57 64 65 66 70 88 89 90 96 99 108 110 112 118 119 122 129 132 133 134 157 162 164 169 171 173 178 185 186 187 192 196 197 201 202 205 209 218 219 222 225 226 227 238 251 252 253 255 265 266 268 274 278 282 285 297 299 300 302 304 305 307 308 311 313 317 325 336 340 341 349 356 363 366 371 373 378 379 382 387 389 402 413 415 418 423 427 428 430 433 435 437 443 444 455 457 462 464 466 471 473 474 482 492 493 500 502 503 505 506 514 517 524 526 531 532 542 548 549 551 563 565 571 572 577 584 588 589 600 603 606 613 622 624 636 637 650 652 654 656 659 664 672 676 679 680 687 701 703 715 722 723 724 726 729 732 736 739 753 760 765 766 771 777 781 786 791 795 807 811 818 821 823 827 839 853 857 860 864 871 875 880 890 891 897 908 910 914 917 926 937 942 944 945 948 952 953 959 965 966 975 979 981 982 987 988 992 993 994 996 997 999 }

use[62] = { 96 178 382 577 589 664 975 }
def[62] = { 53 489 803 }

in[62] = { 4 11 19 24 39 44 54 66 70 88 89 96 119 122 129 157 162 164 173 178 197 202 218 222 225 226 251 255 265 266 304 308 340 349 356 371 379 382 387 389 418 423 433 457 500 502 503 505 517 549 577 584 589 656 664 672 679 701 703 722 723 753 760 771 791 853 871 890 914 937 975 979 993 994 996 997 }
out[62] = { 4 11 19 24 39 44 54 66 70 88 89 119 122 129 157 162 164 173 197 202 218 222 225 226 251 255 265 266 304 308 340 349 356 371 379 387 389 418 423 433 457 500 502 503 505 517 549 584 656 672 679 701 703 722 723 753 760 771 791 853 871 890 914 937 979 993 994 996 997 }

use[63] = { 23 101 169 395 563 755 819 }
def[63] = { 127 257 330 }

in[63] = { 23 101 169 395 563 755 819 }
out[63] = { }

use[64] = { 1 153 452 505 630 827 963 }
def[64] = { 55 189 378 }

in[64] = { 1 153 452 505 630 827 963 }
out[64] = { }

use[65] = { 126 340 368 471 585 764 870 }
def[65] = { 39 513 948 }

in[65] = { 2 3 4 11 19 24 31 35 44 45 46 47 49 54 57 64 65 66 70 71 88 89 90 96 99 108 110 112 118 119 121 122 126 129 132 133 134 147 157 162 164 166 169 171 173 178 185 186 187 192 196 197 201 202 205 209 218 219 222 225 226 227 238 251 252 253 255 265 266 268 274 278 282 285 297 299 300 302 304 305 307 308 311 313 317 319 325 336 340 341 345 349 356 363 366 368 371 373 378 379 382 387 389 392 402 413 415 418 423 427 428 430 433 435 437 443 444 455 457 462 464 466 471 473 474 480 482 492 493 500 502 503 505 506 514 517 524 526 531 532 536 542 546 548 549 551 563 565 571 572 576 577 584 585 588 589 600 603 606 610 613 622 624 636 637 650 652 654 656 659 664 672 676 679 680 687 701 703 715 722 723 724 726 729 732 736 739 752 753 760 764 765 766 771 772 777 781 786 787 791 795 807 811 818 821 823 827 839 853 857 860 864 870 871 875 880 890 891 897 906 908 910 914 917 926 937 942 944 945 952 953 955 959 965 966 975 979 981 982 987 988 992 993 994 996 997 999 }
out[65] = { 2 3 4 11 19 24 31 35 39 44 45 46 47 49 54 57 64 65 66 70 71 88 89 90 96 99 108 110 112 118 119 121 122 129 132 133 134 147 157 162 164 166 169 171 173 178 185 186 187 192 196 197 201 202 205 209 218 219 222 225 226 227 238 251 252 253 255 265 266 268 274 278 282 285 297 299 300 302 304 305 307 308 311 313 317 319 325 336 340 341 345 349 356 363 366 371 373 378 379 382 387 389 392 402 413 415 418 423 427 428 430 433 435 437 443 444 455 457 462 464 466 471 473 474 480 482 492 493 500 502 503 505 506 514 517 524 526 531 532 536 542 546 548 549 551 563 565 571 572 576 577 584 588 589 600 603 606 610 613 622 624 636 637 650 652 654 656 659 664 672 676 679 680 687 701 703 715 722 723 724 726 729 732 736 739 752 753 760 765 766 771 772 777 781 786 787 791 795 807 811 818 821 823 827 839 853 857 860 864 871 875 880 890 891 897 906 908 910 914 917 926 937 942 944 945 948 952 953 955 959 965 966 975 979 981 982 987 988 992 993 994 996 997 999 }

use[66] = { 242 277 343 401 504 602 671 }
def[66] = { 412 463 752 }

in[66] = { 1 4 11 35 38 57 64 90 100 129 153 162 218 220 227 242 265 277 297 343 356 393 401 425 452 482 504 505 517 549 584 602 630 671 703 718 722 732 741 764 773 807 827 871 897 937 963 }
out[66] = { 1 4 11 35 38 57 64 90 100 129 153 162 218 220 227 265 297 356 393 425 452 482 505 517 549 584 630 703 718 722 732 741 764 773 807 827 871 897 937 963 }

use[67] = { 65 90 268 474 588 600 786 }
def[67] = { 297 733 930 }

in[67] = { 19 24 65 90 96 108 119 132 134 169 171 187 225 268 282 340 363 387 423 437 457 474 503 514 551 563 565 588 600 650 652 676 679 701 760 786 791 818 860 875 890 917 965 966 981 992 997 }
out[67] = { 19 24 65 90 96 108 119 132 134 169 171 187 225 268 282 340 363 387 423 437 457 474 503 514 551 563 565 588 600 650 652 676 679 701 760 786 791 818 860 875 890 917 965 966 981 992 997 }

use[68] = { 24 119 387 423 791 890 997 }
def[68] = { 188 899 976 }

in[68] = { 24 119 387 423 791 890 997 }
out[68] = { }

use[69] = { 100 297 425 482 703 741 764 }
def[69] = { 258 455 659 }

in[69] = { 100 297 425 482 703 741 764 }
out[69] = { }

use[70] = { 5 535 606 649 687 726 786 }
def[70] = { 73 124 509 }

in[70] = { 5 535 606 649 687 726 786 }
out[70] = { }

use[71] = { 3 252 305 311 466 636 811 }
def[71] = { 159 312 556 }

in[71] = { 2 3 4 11 19 24 35 64 65 90 96 108 119 129 132 133 134 162 169 171 187 218 225 227 240 252 265 268 282 305 311 313 340 356 363 387 423 437 457 462 466 474 503 514 517 549 551 563 565 584 588 600 636 650 652 676 679 701 722 732 760 786 791 807 811 818 860 871 875 890 897 917 937 953 965 966 981 992 997 }
out[71] = { 2 4 11 19 24 35 64 65 90 96 108 119 129 132 133 134 162 169 171 187 218 225 227 240 265 268 282 313 340 356 363 387 423 437 457 462 474 503 514 517 549 551 563 565 584 588 600 650 652 676 679 701 722 732 760 786 791 807 818 860 871 875 890 897 917 937 953 965 966 981 992 997 }

use[72] = { 157 308 379 500 672 703 979 }
def[72] = { 60 293 545 }

in[72] = { 157 308 379 500 672 703 979 }
out[72] = { }

use[73] = { 110 118 196 253 531 687 993 }
def[73] = { 697 722 732 }

in[73] = { 110 118 196 253 531 687 993 }
out[73] = { }

use[74] = { 175 211 367 700 843 848 950 }
def[74] = { 36 635 835 }

in[74] = { 76 95 134 175 186 191 211 300 367 444 546 571 599 624 700 732 843 848 950 999 }
out[74] = { 76 95 134 186 191 300 367 444 546 571 599 624 732 999 }

use[75] = { 23 136 198 625 756 865 903 }
def[75] = { 408 578 635 }

in[75] = { 2 4 11 19 23 24 32 35 39 44 45 54 62 63 64 66 70 88 89 90 94 96 99 100 108 115 119 122 133 136 149 151 157 162 164 166 173 177 178 191 193 197 198 201 202 218 219 222 225 226 227 240 251 255 261 265 266 280 297 299 304 308 311 313 317 325 340 349 356 371 378 379 382 387 389 402 418 423 425 427 433 436 443 457 462 482 500 502 503 505 506 517 523 532 549 565 573 577 584 589 602 606 611 622 625 639 654 656 664 672 673 679 701 703 720 722 723 724 732 741 743 744 753 756 760 764 771 777 787 791 798 807 815 836 853 865 871 890 891 897 903 914 937 942 953 959 963 965 973 975 979 993 994 996 997 }
out[75] = { 2 4 11 19 24 32 35 39 44 45 54 62 63 64 66 70 88 89 90 94 96 99 100 108 115 119 122 133 149 151 157 162 164 166 173 177 178 191 193 197 201 202 218 219 222 225 226 227 240 251 255 261 265 266 280 297 299 304 308 311 313 317 325 340 349 356 371 378 379 382 387 389 402 418 423 425 427 433 436 443 457 462 482 500 502 503 505 506 517 523 532 549 565 573 577 584 589 602 606 611 622 639 654 656 664 672 673 679 701 703 720 722 723 724 732 741 743 744 753 760 764 771 777 787 791 798 807 815 836 853 871 890 891 897 914 937 942 953 959 963 965 973 975 979 993 994 996 997 }

use[76] = { 100 166 193 219 436 573 963 }
def[76] = { 596 628 707 }

in[76] = { 4 11 35 62 64 90 100 108 129 162 166 177 193 218 219 227 261 265 280 356 387 402 436 517 549 565 573 584 602 639 722 732 743 744 787 807 836 871 897 937 963 }
out[76] = { 4 11 35 62 64 90 108 129 162 177 218 227 261 265 280 356 387 402 517 549 565 584 602 639 722 732 743 744 787 807 836 871 897 937 }

use[77] = { 207 385 415 748 753 799 838 }
def[77] = { 146 194 386 }

in[77] = { 2 3 4 11 19 24 35 46 49 64 65 90 96 108 110 119 129 132 133 134 162 169 171 187 205 207 218 225 227 240 252 268 282 300 305 311 313 340 341 356 363 385 387 402 415 423 430 437 444 457 462 466 471 474 503 514 517 532 549 551 563 565 571 584 588 600 624 636 650 652 676 679 701 722 732 748 753 760 765 786 791 799 807 811 818 838 857 860 871 875 890 897 908 917 937 953 965 966 981 988 992 997 999 }
out[77] = { 2 3 4 11 19 24 35 46 49 64 65 90 96 108 110 119 129 132 133 134 162 169 171 187 205 218 225 227 240 252 268 282 300 305 311 313 340 341 356 363 387 402 423 430 437 444 457 462 466 471 474 503 514 517 532 549 551 563 565 571 584 588 600 624 636 650 652 676 679 701 722 732 760 765 786 791 807 811 818 857 860 871 875 890 897 908 917 937 953 965 966 981 988 992 997 999 }

use[78] = { 124 170 618 655 940 953 987 }
def[78] = { 382 422 542 }

in[78] = { 124 170 618 655 940 953 987 }
out[78] = { }

use[79] = { 66 320 401 622 764 940 955 }
def[79] = { 29 570 935 }

in[79] = { 36 66 145 247 320 374 401 488 622 759 764 778 940 955 }
out[79] = { 36 145 247 374 488 759 778 }

use[80] = { 185 346 520 557 657 671 782 }
def[80] = { 104 252 263 }

in[80] = { 185 346 520 557 657 671 782 }
out[80] = { }

use[81] = { 122 135 293 365 500 506 547 }
def[81] = { 388 597 648 }

in[81] = { 31 38 54 57 70 87 96 99 108 110 118 122 127 130 134 135 178 186 196 197 199 219 220 229 237 238 240 253 278 287 293 300 304 318 325 336 337 349 365 371 389 393 415 418 428 444 473 498 500 502 506 509 510 514 528 531 533 546 547 551 571 572 584 603 613 624 633 646 652 656 679 680 687 715 718 732 736 739 744 771 773 781 816 821 827 864 866 901 907 910 911 914 920 926 948 965 981 993 996 999 }
out[81] = { 31 38 54 57 70 87 96 99 108 110 118 127 130 134 178 186 196 197 199 219 220 229 237 238 240 253 278 287 300 304 318 325 336 337 349 371 389 393 415 418 428 444 473 498 502 509 510 514 528 531 533 546 551 571 572 584 603 613 624 633 646 652 656 679 680 687 715 718 732 736 739 744 771 773 781 816 821 827 864 866 901 907 910 911 914 920 926 948 965 981 993 996 999 }

use[82] = { 89 164 202 226 255 349 994 }
def[82] = { 145 404 467 }

in[82] = { 4 11 89 129 162 164 202 218 226 255 265 349 356 517 549 584 722 871 937 994 }
out[82] = { 4 11 129 162 218 265 356 517 549 584 722 871 937 }

use[83] = { 19 225 340 503 679 701 760 }
def[83] = { 755 758 932 }

in[83] = { 19 24 119 225 340 387 423 503 679 701 760 791 890 997 }
out[83] = { 24 119 387 423 791 890 997 }

use[84] = { 24 134 187 282 363 457 650 }
def[84] = { 147 250 975 }

in[84] = { 19 24 65 90 96 108 119 132 134 169 171 187 225 268 282 340 363 387 423 437 457 474 503 514 551 563 565 588 600 650 652 676 679 701 760 786 791 818 860 875 890 917 965 966 981 992 997 }
out[84] = { 19 24 65 90 96 108 119 132 134 169 171 187 225 268 282 340 363 387 423 437 457 474 503 514 551 563 565 588 600 650 652 676 679 701 760 786 791 818 860 875 890 917 965 966 981 992 997 }

use[85] = { 127 240 304 337 389 528 531 }
def[85] = { 233 390 863 }

in[85] = { 31 96 99 108 110 118 127 134 178 186 196 199 219 237 238 240 253 278 300 304 318 336 337 389 415 428 444 473 514 528 531 551 571 572 603 613 624 652 680 687 715 732 736 739 744 771 781 816 821 827 864 866 907 910 926 948 965 981 993 999 }
out[85] = { 31 96 99 108 110 118 134 178 186 196 199 219 237 238 253 278 300 318 336 415 428 444 473 514 531 551 571 572 603 613 624 652 680 687 715 732 736 739 744 771 781 816 821 827 864 866 907 910 926 948 965 981 993 999 }

use[86] = { 132 169 437 563 676 860 992 }
def[86] = { 433 650 906 }

in[86] = { 19 24 65 90 96 108 119 132 134 169 171 187 225 268 282 340 363 387 423 437 457 474 503 514 551 563 565 588 600 652 676 679 701 760 786 791 818 860 875 890 917 965 966 981 992 997 }
out[86] = { 19 24 65 90 96 108 119 132 134 169 171 187 225 268 282 340 363 387 423 437 457 474 503 514 551 563 565 588 600 650 652 676 679 701 760 786 791 818 860 875 890 917 965 966 981 992 997 }

use[87] = { 34 58 451 597 629 733 979 }
def[87] = { 759 776 945 }

in[87] = { 34 58 451 597 629 733 979 }
out[87] = { }

use[88] = { 198 478 698 728 740 828 936 }
def[88] = { 147 401 699 }

in[88] = { 4 11 39 44 54 66 70 88 89 122 129 157 162 164 173 197 198 202 218 222 226 251 255 265 266 304 308 349 356 371 379 389 418 433 457 478 500 502 505 517 549 584 656 672 698 703 722 723 728 740 753 771 828 853 871 914 936 937 979 993 994 996 }
out[88] = { 4 11 39 44 54 66 70 88 89 122 129 157 162 164 173 197 202 218 222 226 251 255 265 266 304 308 349 356 371 379 389 418 433 457 500 502 505 517 549 584 656 672 703 722 723 753 771 853 871 914 937 979 993 994 996 }

use[89] = { 70 160 189 349 430 472 606 }
def[89] = { 238 619 803 }

in[89] = { 70 160 189 349 430 472 606 }
out[89] = { }

use[90] = { 274 285 302 464 526 548 637 }
def[90] = { 122 158 }

in[90] = { 2 3 4 11 19 24 35 46 49 64 65 90 96 108 110 119 129 132 133 134 162 169 171 187 205 209 218 225 227 240 252 268 274 282 285 302 305 311 313 340 341 356 363 387 402 423 430 437 457 462 464 466 471 474 493 503 514 517 524 526 532 542 548 549 551 563 565 584 588 600 636 637 650 652 659 676 679 701 722 732 760 765 766 781 786 791 807 811 818 823 857 860 871 875 890 897 908 914 917 937 953 965 966 981 982 987 988 992 997 999 }
out[90] = { 2 3 4 11 19 24 35 46 49 64 65 90 96 108 110 119 129 132 133 134 162 169 171 187 205 209 218 225 227 240 252 268 282 305 311 313 340 341 356 363 387 402 423 430 437 457 462 466 471 474 493 503 514 517 524 532 542 549 551 563 565 584 588 600 636 650 652 659 676 679 701 722 732 760 765 766 781 786 791 807 811 818 823 857 860 871 875 890 897 908 914 917 937 953 965 966 981 982 987 988 992 997 999 }

use[91] = { 212 323 324 462 701 825 923 }
def[91] = { 215 411 824 }

in[91] = { 212 323 324 462 701 825 923 }
out[91] = { }

use[92] = { 238 415 428 652 715 771 821 }
def[92] = { 480 576 979 }

in[92] = { 110 118 196 238 253 415 428 531 652 687 715 771 821 993 }
out[92] = { 110 118 196 253 531 687 993 }

use[93] = { 76 95 186 191 367 546 599 }
def[93] = { 440 791 896 }

in[93] = { 76 95 186 191 367 546 599 }
out[93] = { }

use[94] = { 57 227 250 443 837 864 964 }
def[94] = { 435 574 748 }

in[94] = { 4 11 24 39 44 47 54 57 66 70 88 89 112 119 122 129 130 157 162 164 173 197 202 209 218 222 226 227 250 251 255 265 266 287 304 308 349 356 371 373 379 387 389 418 423 427 433 443 457 493 500 502 505 509 510 517 524 533 542 549 584 613 656 672 679 703 722 723 753 766 771 791 823 827 837 853 864 871 890 914 937 945 964 979 987 993 994 996 997 }
out[94] = { 4 11 24 39 44 47 54 66 70 88 89 112 119 122 129 130 157 162 164 173 197 202 209 218 222 226 251 255 265 266 287 304 308 349 356 371 373 379 387 389 418 423 427 433 435 457 493 500 502 505 509 510 517 524 533 542 549 584 613 656 672 679 703 722 723 753 766 771 791 823 827 853 871 890 914 937 945 979 987 993 994 996 997 }

use[95] = { 274 410 486 527 530 815 843 }
def[95] = { 359 699 923 }

in[95] = { 2 3 4 11 19 24 35 39 44 46 49 54 64 65 66 70 88 89 90 96 108 110 119 122 129 132 133 134 157 162 164 165 166 169 171 173 187 197 198 202 205 207 218 222 225 226 227 229 240 251 252 255 265 266 268 274 282 300 304 305 308 311 313 340 341 349 356 363 370 371 379 385 387 389 402 410 415 418 423 430 433 437 444 457 462 466 471 474 478 486 497 500 502 503 505 514 517 527 530 532 549 551 563 565 571 578 584 588 600 624 636 645 650 652 656 672 676 679 698 701 703 722 723 728 732 740 748 753 760 765 767 771 786 791 799 802 807 811 815 818 828 832 838 843 845 853 855 857 860 871 875 889 890 897 908 914 917 936 937 953 965 966 979 981 988 992 993 994 996 997 999 }
out[95] = { 2 3 4 11 19 24 35 39 44 46 49 54 64 65 66 70 88 89 90 96 108 110 119 122 129 132 133 134 157 162 164 165 166 169 171 173 187 197 198 202 205 207 218 222 225 226 227 229 240 251 252 255 265 266 268 282 300 304 305 308 311 313 340 341 349 356 363 370 371 379 385 387 389 402 415 418 423 430 433 437 444 457 462 466 471 474 478 486 497 500 502 503 505 514 517 532 549 551 563 565 571 578 584 588 600 624 636 645 650 652 656 672 676 679 698 701 703 722 723 728 732 740 748 753 760 765 767 771 786 791 799 802 807 811 818 828 832 838 845 853 855 857 860 871 875 889 890 897 908 914 917 936 937 953 965 966 979 981 988 992 993 994 996 997 999 }

use[96] = { 171 565 652 818 875 917 966 }
def[96] = { 387 533 851 }

in[96] = { 171 565 652 818 875 917 966 }
out[96] = { }

use[97] = { 46 205 402 471 532 857 988 }
def[97] = { 265 750 936 }

in[97] = { 2 3 4 11 19 24 35 46 49 64 65 90 96 108 110 119 129 132 133 134 162 169 171 187 205 218 225 227 240 252 268 282 305 311 313 340 341 356 363 387 402 423 430 437 457 462 466 471 474 503 514 517 532 549 551 563 565 584 588 600 636 650 652 676 679 701 722 732 760 765 786 791 807 811 818 857 860 871 875 890 897 908 917 937 953 965 966 981 988 992 997 999 }
out[97] = { 2 3 4 11 19 24 35 49 64 65 90 96 108 110 119 129 132 133 134 162 169 171 187 218 225 227 240 252 265 268 282 305 311 313 340 341 356 363 387 423 430 437 457 462 466 474 503 514 517 549 551 563 565 584 588 600 636 650 652 676 679 701 722 732 760 765 786 791 807 811 818 860 871 875 890 897 908 917 937 953 965 966 981 992 997 999 }

use[98] = { 142 383 525 533 744 800 885 }
def[98] = { 107 297 456 }

in[98] = { 142 383 525 533 744 800 885 }
out[98] = { }

use[99] = { 32 115 151 191 427 611 732 }
def[99] = { 429 737 906 }

in[99] = { 32 45 54 63 89 99 115 119 151 191 201 265 299 311 317 325 378 427 443 506 532 606 611 622 654 673 724 732 777 815 891 942 959 965 973 }
out[99] = { 45 54 63 89 99 119 201 265 299 311 317 325 378 443 506 532 606 622 654 673 724 777 815 891 942 959 965 973 }

